com.android.vending.BILLING : -0.3252216699324976
android.permission.SEND_SMS : 0.30786172524663324
android.permission.READ_PHONE_STATE : 0.5760054689941871
com.google.android.c2dm.permission.RECEIVE : -0.13348881735007276
android.permission.READ_EXTERNAL_STORAGE : -0.03182110145471335
com.google.android.c2dm.intent.RECEIVE : -0.5946148770914639
db : -0.20145355729008338
